1024
332
923
269
573
314
62
882
978
470
720
884
1023
933
298
84
309
564
322
283
622
699
127
884
635
151
156
806
227
257
612
114
456
326
83
518
816
806
228
852
1004
390
347
597
693
338
924
700
757
782
330
268
578
574
17
219
94
74
80
9
41
704
391
218
608
758
595
950
833
879
294
309
6
307
547
173
488
766
699
597
71
429
129
852
540
364
671
300
970
648
762
199
647
143
227
397
382
351
570
355
821
139
172
248
126
686
200
877
893
207
488
798
866
797
304
633
951
930
426
212
200
269
854
328
957
505
240
70
310
934
523
58
853
657
461
451
468
10
133
582
812
787
858
345
526
480
492
583
422
355
97
993
299
465
518
334
393
58
76
263
398
571
219
70
903
396
148
231
243
33
907
249
630
613
195
31
125
859
807
302
467
1012
885
983
986
748
847
751
238
452
820
969
784
475
918
376
170
980
295
629
907
918
738
811
362
780
1011
163
38
841
762
854
310
1008
829
1017
902
210
962
421
629
802
853
605
443
599
590
186
331
177
121
303
432
244
632
466
194
578
958
105
1014
1003
550
214
52
835
735
643
525
469
750
265
780
718
322
950
672
862
298
786
723
597
588
644
215
702
406
785
588
124
31
103
102
36
42
653
335
758
710
927
299
644
468
1
557
243
406
720
777
158
490
897
615
840
411
920
905
581
601
827
206
436
543
438
642
329
986
272
783
448
648
659
773
270
985
257
510
553
90
79
441
277
436
141
744
363
321
134
777
81
208
417
541
339
557
472
361
304
430
65
189
404
474
733
871
908
395
618
115
695
82
257
136
49
24
907
261
900
816
632
369
905
133
735
999
61
753
86
1020
96
953
830
189
318
813
240
593
814
777
956
16
258
987
968
205
390
722
916
232
104
619
164
611
601
521
448
348
135
30
1000
126
980
679
685
983
218
456
74
304
126
835
790
466
958
766
784
552
699
514
241
922
321
21
704
546
757
453
776
540
1000
215
1022
486
719
829
154
909
367
924
784
747
43
529
420
238
583
963
860
653
214
425
776
901
616
356
185
607
398
1021
396
832
93
918
26
536
799
525
980
920
585
636
591
218
706
307
325
535
117
907
532
850
873
544
804
218
571
858
276
29
907
230
569
665
730
391
487
517
23
177
134
932
647
194
231
134
104
937
730
166
278
3
306
180
135
444
973
641
301
352
928
923
824
888
362
615
214
430
128
782
944
247
383
347
205
420
307
1014
35
530
806
1022
551
443
317
87
595
615
895
467
846
404
833
200
260
360
54
470
544
981
27
1017
360
608
245
49
462
993
767
193
802
96
832
877
49
591
559
624
696
887
241
968
77
762
739
338
262
657
151
957
239
906
225
833
230
553
868
132
625
143
528
285
701
465
39
647
683
205
450
917
487
820
208
258
919
998
718
530
982
205
68
116
595
1021
739
959
855
300
544
606
195
303
954
346
942
544
350
135
999
947
1005
483
910
854
559
533
210
472
718
629
281
896
692
779
936
722
155
821
390
731
920
465
1011
436
597
168
228
132
690
273
908
244
22
38
771
467
780
15
290
758
300
152
223
843
727
210
57
611
541
478
746
837
358
504
186
112
304
273
90
925
732
286
456
256
823
285
52
147
369
620
882
795
717
748
868
908
381
972
558
937
860
959
524
221
476
236
141
400
681
428
370
103
757
63
577
112
475
249
742
744
187
638
56
640
513
933
464
508
611
279
598
817
774
142
59
865
977
65
914
510
796
203
838
855
785
656
56
496
252
861
559
1016
409
31
627
287
976
869
962
864
464
498
581
58
558
806
338
114
1011
719
774
1
674
62
445
69
355
170
894
764
776
136
470
193
83
27
985
713
923
647
71
174
560
748
389
203
660
179
106
176
534
311
463
589
324
637
164
870
617
845
640
847
950
201
401
19
761
578
116
941
514
901
48
930
828
783
207
248
149
134
489
90
68
14
825
618
343
276
585
735
309
562
742
781
246
288
740
391
259
731
785
748
956
908
916
272
684
570
865
974
906
356
874
572
927
985
1009
398
149
133
527
960
896
160
820
318
90
353
271
994
500
111
144
166
594
594
133
434
768
39
87
890
533
993
559
928
350
120
954
775
924
350
106
520
235
159
513
226
620
167
963
603
670
863
662
28
87
157
402
681
9
811
874
240
180
805
91
531
893
177
616
637
451
401
834
472
631
398
386
694
133
539
38
702
608
188
118
874
693
31
684
923
64
300
528
533
264
386
949
2
416
174
846
795
284
468
867
456
874
170
30
110
469
419
706
602
161
468
512
425
663
245
1011
949
236
762
480
57
26
95
229
874
1016
286
420
860
101
821
580
333
440
559
964
207
920
218
