256
129
98
187
218
179
31
219
40
185
193
207
86
254
91
33
159
167
48
209
11
155
198
235
89
42
183
192
161
203
106
182
234
226
130
214
126
26
161
71
33
6
144
39
29
47
1
164
90
91
211
200
243
163
159
253
107
144
199
208
250
61
81
249
21
7
38
110
9
49
76
142
100
239
193
45
97
3
189
57
45
94
137
203
171
34
171
206
83
89
217
172
139
204
134
115
156
191
230
248
206
100
172
88
233
29
253
118
156
73
16
225
169
9
202
213
98
65
2
129
88
200
65
224
18
144
218
87
97
113
189
104
131
137
7
139
77
230
208
138
39
21
65
231
242
217
59
195
164
202
149
86
212
196
254
97
160
171
4
160
196
155
169
61
203
219
229
124
120
92
190
136
150
166
81
246
186
78
22
155
120
105
175
250
91
15
40
131
157
33
190
230
141
196
179
228
173
252
95
94
161
128
28
185
107
61
120
227
225
35
200
79
185
59
94
83
209
72
42
226
95
137
240
85
143
74
152
97
202
219
93
246
88
29
178
18
179
79
174
220
38
25
201
106
180
196
201
56
118
203
64
22
215
62
210
134
93
