2048
483
66
1615
1325
1731
435
553
511
646
128
1873
1306
254
1535
895
687
1548
1130
1052
55
755
538
1572
1192
781
481
1601
1874
451
1897
1664
448
1131
1238
1440
1401
505
1465
730
1021
1972
287
1328
1884
246
426
1321
1546
1829
1632
1253
1448
1612
824
145
1076
968
633
1737
532
767
1658
1454
442
939
1795
1390
1356
251
252
1914
1307
2018
963
1142
3
901
519
81
340
1277
939
311
613
785
1623
106
1555
910
606
1450
193
376
325
1294
1626
184
1516
115
1935
1106
815
1685
1179
743
911
251
597
1183
470
1769
355
1379
957
814
445
619
585
71
988
1121
1700
1446
7
233
127
921
182
117
549
1737
113
878
736
89
983
410
1552
45
1258
837
1071
1256
1028
683
896
2039
951
1336
317
1251
1827
149
1050
1320
788
1487
1339
958
1699
2004
1516
652
414
1096
57
502
136
467
909
477
153
230
1938
1179
1735
1255
1529
294
1117
1487
2003
1058
720
1418
139
1815
1725
122
1451
2006
943
349
287
1781
361
830
1986
388
413
1866
1579
1049
377
669
335
1420
875
1449
1396
1130
1472
808
1829
226
1254
42
1942
503
1740
1724
1555
503
1450
1143
559
298
463
1808
612
382
643
323
1170
2003
573
1325
341
1507
490
1130
656
1391
1032
1878
285
1677
581
201
127
1102
945
196
1131
1549
1207
733
610
255
1621
760
1821
739
1616
57
105
795
1085
335
633
1338
638
97
843
1896
894
124
79
144
626
557
864
11
1703
1055
91
1831
1907
457
73
86
1035
429
535
956
1418
366
97
634
248
266
816
1005
1297
84
1382
1857
355
1118
439
405
1966
397
404
582
1844
1649
478
1054
1118
1294
418
587
1283
44
92
131
1880
786
339
516
1797
570
550
1308
135
1687
1827
763
833
1370
230
690
335
970
1433
1599
1163
864
842
870
247
1733
216
1490
535
802
1151
498
890
1169
196
957
36
1773
2008
1320
201
723
1172
1680
1020
1938
1961
1855
1307
1052
1085
1592
1493
1800
2013
1102
1715
1443
867
1466
826
1172
2027
954
984
1915
1977
1769
960
1080
1600
1228
564
1665
1892
1447
169
955
434
983
1463
707
1878
38
243
1669
1929
1054
525
1379
1494
597
975
25
1288
173
1687
769
258
1139
385
2020
1321
810
303
861
38
938
1778
1898
1290
995
1937
747
1859
1565
314
907
1660
1076
479
310
994
1217
815
1106
1705
495
1595
1160
739
546
623
116
97
1723
678
805
1357
1971
100
489
1604
289
574
688
1213
1607
1783
1408
1225
1543
1748
657
46
1965
1507
969
1705
684
906
68
1862
1101
578
1570
85
923
323
2018
1063
688
657
2027
1418
1327
413
3
972
102
1051
1317
451
612
148
1451
990
1741
476
1085
1578
873
756
1928
1783
1721
1903
1570
513
599
1746
1461
1432
1843
2033
1836
2041
436
1491
1423
1304
475
441
457
570
695
51
307
1346
560
616
456
1514
648
1632
20
29
1956
1777
290
431
457
1958
139
988
60
747
1233
1048
352
152
1864
1888
972
492
1091
439
259
278
408
671
556
1324
1464
1645
770
1284
1821
1292
1568
1935
1383
1687
1944
1075
1036
739
1819
2021
1216
153
684
331
203
92
668
505
1380
1848
959
187
1266
1935
1591
1658
1736
1447
1179
1419
277
1943
1216
1137
1857
801
837
64
1418
113
1808
1352
272
917
215
1480
710
786
279
1985
1387
1133
531
459
2010
1569
481
1952
360
1942
667
1030
542
854
1428
253
409
1498
1096
990
212
173
1190
546
31
2007
1366
2047
1482
137
204
1142
504
743
396
453
384
254
475
1967
1308
1933
1633
1102
426
1470
1329
8
1800
1775
1460
1000
1246
842
1780
429
776
345
871
327
1311
242
656
932
815
1742
328
259
1656
619
1411
1903
1612
289
214
1188
1341
1844
738
1929
499
1679
220
290
1975
1610
1816
1266
1647
359
473
1906
1049
1487
440
534
324
1848
389
13
45
830
950
851
355
1916
159
1896
1898
1951
1416
1145
680
930
200
439
596
291
464
964
1154
109
873
891
454
1620
407
40
1094
544
1954
1383
402
1541
1088
1110
1978
944
1865
316
1315
1626
1817
1402
383
891
1457
724
398
1705
953
973
159
1946
416
229
531
1183
1135
1764
1682
1209
1659
1489
1749
501
1436
1067
1770
280
1697
1369
376
563
544
1864
1042
105
1499
525
600
1729
535
1248
1775
1206
116
170
1451
1749
303
1134
1259
268
60
320
1601
1702
955
1276
169
2033
1212
1621
1887
1023
1575
1937
1747
708
54
1829
1624
1200
1317
396
912
1464
1797
1734
2017
1073
1682
577
688
1403
1277
1004
1085
1946
1910
1354
1090
1252
1922
1903
564
615
1446
561
566
714
1999
1572
1367
1277
89
269
1445
1421
1913
81
1158
247
1642
29
1787
439
789
1219
233
1150
761
724
1917
841
1502
298
1152
1440
1047
1598
986
1399
774
1568
1761
1822
792
903
1860
129
1519
318
1255
625
1811
41
612
775
2003
1895
1073
1583
655
1536
382
332
680
1260
1123
1253
1614
1668
1347
1976
1397
292
6
1039
1
381
10
1480
110
1129
1525
885
951
454
1442
325
204
581
332
971
301
239
744
202
1808
1057
1199
348
818
1700
1300
41
1934
448
1512
1150
408
1042
1455
664
1659
670
504
1598
1055
1405
1979
616
49
1093
1921
820
164
1315
1422
1495
942
340
1014
1150
248
1120
630
1043
564
883
625
490
534
1350
1010
11
2030
585
985
986
374
1052
1469
615
1494
410
611
1107
1856
1793
1585
1175
1341
1507
173
916
1242
182
167
142
1568
875
1958
1008
1501
736
1175
604
1748
1696
1324
1647
1346
424
545
1578
354
1132
1585
205
260
1320
781
1830
855
2002
481
816
357
1816
685
410
1380
1868
1066
222
438
1389
958
253
1193
1325
863
1539
452
852
1935
1794
1141
1488
482
180
375
637
137
289
1577
2024
263
1946
1655
336
1944
327
1787
564
677
270
132
240
823
812
427
1993
1720
1424
1539
871
183
644
505
373
1032
1694
1686
427
1354
258
58
337
1530
1713
1090
162
683
2014
1776
1694
60
109
392
1456
665
1363
1408
1047
881
1180
569
353
1456
571
1727
419
1415
1535
1132
1467
1694
1469
463
37
318
1079
1849
1878
1909
1998
1699
1878
1946
1989
1886
910
799
621
677
1172
1000
724
1560
1985
832
1931
877
1276
224
262
1553
821
1142
510
506
518
192
1115
897
862
1966
1982
1025
1319
1840
1805
768
1801
188
1819
1122
920
1335
931
1411
996
1640
50
255
1455
1442
23
1242
207
1391
937
1778
12
870
420
916
1993
842
874
882
58
108
1042
1791
882
153
937
1112
896
800
1513
637
93
1623
1586
1310
1778
696
110
965
1142
663
1209
1062
281
1317
616
1944
1578
935
909
1868
240
825
286
1276
1496
1991
304
1131
1606
71
375
1890
1103
767
889
267
1416
1119
1276
1494
847
1184
384
396
1938
2043
878
1498
1394
14
128
803
1721
868
1305
1653
406
1204
1482
1687
461
194
648
1443
265
711
891
1304
645
634
806
1817
942
474
56
606
602
725
1033
1765
1067
412
120
1799
1950
400
489
409
1888
657
457
702
1054
1649
275
753
400
1802
802
1582
998
1307
1641
1857
1387
1556
1407
942
1061
319
652
528
559
156
418
1812
220
470
516
1094
1477
1200
1067
1892
381
1481
319
228
266
94
1045
1409
525
717
1247
752
2012
504
651
696
1736
118
1835
537
912
668
1090
1122
831
831
642
317
76
310
1903
1357
302
166
1625
1348
1121
1345
1312
179
661
1971
663
117
2037
616
9
1876
1444
773
708
664
1687
701
387
1457
498
266
831
232
252
719
1017
1103
1292
1588
416
1640
1170
1312
1143
415
1225
1597
1566
444
29
1149
1433
1066
1419
1302
940
1346
1924
463
1670
359
6
417
1539
1593
51
324
597
1907
553
1607
475
722
595
440
295
691
454
1129
500
648
1307
1572
856
1659
1087
316
976
1762
1901
640
1814
1442
1698
927
40
1331
1683
936
1917
2013
925
803
1874
341
1341
837
70
1580
1638
1987
258
1987
405
887
1280
770
281
342
1370
342
599
51
439
506
939
644
329
1509
1581
229
153
414
702
253
182
776
1599
145
669
182
60
1972
1767
465
1129
1457
1354
475
841
834
707
206
1183
1543
52
1457
404
1412
852
1354
38
266
453
1822
601
1427
605
305
1605
1510
747
1696
857
258
1481
1655
1599
15
839
549
1201
939
1808
17
270
1280
1764
1197
553
785
786
206
345
764
1518
1082
148
550
1150
1545
1603
1369
521
161
1594
1928
943
147
1733
1040
1643
1343
44
935
446
1205
951
50
241
1856
183
54
1927
1385
1998
48
580
1200
1005
21
1568
296
2021
1410
1010
1999
16
822
1497
478
916
314
782
1219
1280
1501
1414
1914
1718
1794
1396
945
2039
1820
679
978
280
1369
32
1514
701
163
41
322
841
875
161
880
617
643
1202
1722
1528
337
1283
1911
40
259
1774
1889
536
849
1992
1828
1738
1967
1157
576
2000
633
1703
953
608
1699
798
1868
1828
993
389
1593
62
1450
1186
1450
155
329
1725
1298
1864
10
416
432
621
1036
106
1171
981
1617
212
48
260
11
437
334
134
410
1463
1422
701
730
1497
268
1451
952
1977
885
128
1351
1137
411
1571
718
775
70
942
1390
1883
1472
1857
1827
191
381
1782
522
1286
502
243
190
464
286
211
1490
567
1283
2047
523
106
332
1491
1971
144
1735
1712
1448
1632
383
1268
1192
1489
1948
801
1267
981
1038
994
1994
738
1441
773
758
1729
1456
792
1306
328
392
1363
1312
1427
1320
1865
1254
916
636
303
1155
414
562
566
1542
1221
1817
197
1929
455
549
1552
32
316
301
941
856
1828
1321
1089
423
1285
1245
1829
1376
335
252
865
1946
579
1605
1567
2002
637
557
1902
595
52
1340
1883
1624
1654
1321
489
754
1859
1077
469
1182
916
1852
1956
1387
771
1280
110
1728
592
1710
843
1534
912
849
143
938
1485
540
465
988
1712
1419
1171
1451
923
1338
1845
402
23
2029
1016
1753
1952
915
731
1669
853
1980
1308
638
891
971
566
509
1876
1777
643
1928
1680
1873
1502
941
679
517
378
1246
1660
1579
128
729
575
1234
512
1181
1173
1191
309
110
315
144
508
1747
1340
1167
1109
1654
641
399
515
299
1461
1869
1348
1086
970
964
1846
1734
1300
1696
199
974
435
691
1081
1364
275
256
1731
1168
530
176
921
163
28
1878
876
266
1836
490
251
1455
289
387
1834
741
776
1840
591
656
87
217
618
1117
168
537
1358
850
589
65
1447
1819
876
216
577
1597
1556
1358
228
1324
1979
712
1387
1191
1156
824
157
97
1279
942
263
1584
1410
1879
1210
1839
1549
1476
198
1471
1215
883
1200
1510
600
47
873
1364
1406
1161
61
1954
199
1817
1735
553
633
33
1962
182
874
692
72
263
854
852
177
1399
763
1891
157
996
3
1751
168
326
1715
1588
260
