512
2
336
398
68
97
477
216
412
99
11
404
232
116
35
415
362
74
194
89
333
101
268
467
109
311
241
414
15
304
489
284
323
238
64
29
177
79
35
268
396
123
281
480
407
361
34
259
444
390
180
253
291
121
220
66
454
256
455
460
161
306
2
294
503
247
372
241
281
223
410
288
60
308
501
14
455
227
85
20
416
413
101
503
197
124
133
57
421
24
100
413
480
477
224
302
69
17
93
176
218
80
147
142
18
58
250
182
234
186
93
410
74
228
386
463
81
6
400
305
152
357
424
117
324
143
52
402
265
393
241
419
440
218
416
59
366
79
417
468
149
488
369
9
495
355
287
94
353
456
89
297
440
455
354
206
450
30
63
242
33
197
509
319
511
498
375
315
62
466
298
316
437
243
115
211
398
249
37
49
286
172
145
328
293
437
417
333
511
159
477
402
470
383
294
483
55
456
264
231
25
434
158
476
279
299
13
390
198
337
299
446
142
332
212
166
348
291
359
348
450
183
499
263
403
502
253
2
64
89
181
272
343
442
368
383
273
121
471
354
175
25
220
16
433
403
475
188
25
381
62
19
310
210
69
79
404
179
466
327
257
173
454
222
291
50
4
237
70
266
351
77
225
85
202
127
472
71
148
74
310
475
28
131
22
214
116
186
234
60
402
294
447
52
244
198
74
79
337
484
232
477
58
294
440
506
403
500
351
205
95
449
182
165
229
426
162
471
328
449
55
272
432
203
199
228
422
399
94
439
35
477
302
73
121
458
345
185
66
21
12
113
114
342
466
194
314
410
188
11
183
224
369
284
391
11
153
207
300
35
235
313
279
486
484
38
9
218
394
438
444
79
244
447
229
122
276
121
153
269
235
253
207
269
231
437
83
44
106
453
404
428
107
506
451
1
155
365
221
399
1
321
290
269
390
48
90
431
440
511
394
427
505
161
355
511
74
405
289
505
44
500
151
156
335
379
446
137
30
444
137
295
48
151
300
338
91
150
2
55
463
311
148
131
194
279
151
132
510
451
173
89
297
113
159
142
274
63
488
32
138
452
435
233
365
261
376
238
337
471
83
142
454
279
353
416
134
177
131
120
433
371
420
252
123
188
273
322
250
276
510
382
182
89
242
353
255
35
121
74
134
439
463
200
393
107
416
248
343
171
355
10
341
